22.7989212189074
17.6178646857418
12.5395427837978
7.56866161358513
2.70984604257936
-2.03238383021041
-6.65364028339485
-11.1496987725593
-15.5165309734138
-19.7503390681727
-23.8475902327439
-27.8050502566182
-31.6198152219883
-35.2893401879334
-38.8114638737886
-42.1844284169626
-45.4068933974295
-48.4779434753027
-51.3970891785497
-54.1642606015253
-56.7797940250279
-59.244411735271
-61.5591955899268
-63.7255551394788
-65.7451913456825
-67.6200571303902
-69.3523161235386
-70.944301048051
-72.3984731755053
-73.7173842084937
-74.9036417978925
-75.9598796951137
-76.8887332844315
-77.6928209553669
-78.3747314781746
-78.9370172551234
-79.382193053538
-79.7127395980601
-79.9311112204187
-80.0397466424704
-80.0410819055376
-79.9375644554437
-79.731667443771
-79.4259034044087
-79.0228366005987
-78.5250934997987
-77.9353710090688
-77.2564422791319
-76.4911600478739
-75.6424576318923
-74.7133477776564
-73.7069196443687
-72.6263342046936
-71.4748183173471
-70.2556576521622
-68.9721885439531
-67.6277887314187
-66.2258668207778
-64.769850222523
-63.2631712653301
-61.7092512123992
-60.1114820043212
-58.4732057310609
-56.7976920835051
-55.0881143285277
-53.3475246548317
-51.578830005716
-49.7847697029358
-47.9678962320897
-46.1305604773806
-44.2749024554978
-42.4028482223671
-40.5161131537598
-38.6162112906003
-36.7044699605363
-34.7820485045812
-32.849959703073
-30.9090924377617
-28.9602342482625
-27.0040927165616
-25.0413149965488
-23.0725052376432
-21.0982400704505
-19.1190826723168
-17.1355961694169
-15.1483572352743
-13.1579707078814
-11.1650858807676
-9.17041485287978
-7.17475298232483
-5.17900111793677
-3.18418891764293
-1.19149823677461
0.797714690743067
2.78189973118705
4.75929752298032
6.72792985548994
8.68559715050551
10.6298842313346
12.5581752686998
14.4676784218448
16.3554602584141
18.2184895498
20.0536895134365
21.8579970263949
23.6284267862778
25.3621378726726
27.0564997000398
28.7091539948388
30.3180692291795
31.8815839608351
33.3984358276827
34.8677735792058
36.2891505338971
37.6624992273334
38.9880887042184
40.2664677819832
41.4983994719191
42.6847933210726
43.8266434375504
44.9249801081289
45.9808420220388
46.9952741408192
47.9693533547756
48.9042405867537
49.8012544320204
50.6619583016506
51.4882508546673
52.2824485979958
53.0473500258847
53.7862724591241
54.5030555370375
55.202028699239
55.8879435168025
56.5658749737038
57.2410984244503
57.9189507420514
58.604685022135
59.3033281358407
60.0195495299708
60.7575481293369
61.5209622165839
62.3128049788155
63.1354262411759
63.9904989516318
64.879027392867
65.8013729782632
66.7572928842839
67.7459866705968
68.7661463825474
69.8160063208536
70.8933895790319
71.9957494586477
73.1202048490382
74.2635694914677
75.4223756544358
76.5928930777475
77.7711440865982
78.9529155609306
80.1337680341203
81.3090416851331
82.4738585006957
83.6231195543739
84.7514963154497
85.8534152866765
86.9230361693348
87.9542252059976
88.9405273169318
89.8751429811591
90.7509182462981
91.5603583729845
92.2956768971934
92.9488917253983
93.5119776972251
93.9770804836762
94.3367897390509
94.5844606399273
94.7145634979193
94.7230327343558
94.6075811023189
94.3679443354814
94.0060263005828
93.5259249299454
92.9338331172047
92.2378238164606
91.4475419418446
90.573834946262
89.6283578548435
88.6231870084869
87.5704708954618
86.4821379117304
85.3696715101489
84.2439545010972
83.1151772692463
81.9927998482053
80.8855551721296
79.8014801228785
78.7479617761043
77.7317880389611
76.7591942181324
75.8358995876436
74.9671304627001
74.157628442758
73.4116442598327
72.7329190161738
72.1246555228592
71.589482988521
71.1294185005877
70.7458286431736
70.4393942656938
70.2100809221896
70.0571169199723
69.9789803302359
69.9733958033544
70.0373416641045
70.1670675764345
70.3581230665918
70.6053973410329
70.9031710610417
71.2451809466097
71.6246981786388
72.0346214607842
72.4675852219059
72.9160827485091
73.3726030284487
73.8297787911561
74.2805417070834
74.7182790520714
75.1369844706449
75.5313939278058
75.8970966788729
76.2306102764371
76.5294084436162
76.7918912585183
77.0172887332062
77.2054917960081
77.356809194056
77.4716551618076
77.5501808494247
77.5918719775556
77.5951447733133
77.5569799966547
77.4726384171031
77.3354983454423
77.1370457915458
76.8670313280851
76.5137874840041
76.0646803935
75.5066534827785
74.826812078419
74.0129970206258
73.0543018221437
71.9414994214343
70.6673583643873
69.2268417346093
67.617193460165
65.8379247635711
63.8907183112008
61.7792694562484
59.5090835606692
57.0872465046768
54.5221828462401
51.823413221958
49.0013198585307
46.0669267098801
43.031698839724
39.9073642232418
36.7057600605928
33.4387048512588
30.1178967327812
26.7548378261804
23.3607834913382
19.9467144819104
16.5233290610051
13.1010512880451
9.69005100503157
6.30027059803027
2.94145340318921
-0.376831361124251
-3.64517207775278
-6.8543112893744
-9.99515964780747
-13.0588311774156
-16.0367033179
-18.9205046422421
-21.7024324027519
-24.3753010757131
-26.9327217930503
-29.3693109222676
-31.6809240575989
-33.8649093122246
-35.9203710748771
-37.848432364966
-39.6524806781494
-41.3383789053647
-42.9146197653657
-44.3923995754977
-45.7855856401678
-47.1105518277468
-48.3858600260352
-49.6317722336383
-50.8695900490341
-52.1208356621453
-53.4063103399655
-54.7450902764103
-56.1535410813595
-57.6444453730831
-59.2263374822798
-60.903122223471
-62.6740223696777
-64.5338578322148
-66.4736175455312
-68.4812516026473
-70.5425921976974
-72.6423088425511
-74.764813567241
-76.8950506339213
-79.0191277291366
-81.1247677500716
-83.2015796963831
-85.2411625593013
-87.237067030322
-89.1846464213667
-91.0808308167962
-92.9238577934691
-94.712989787935
-96.4482431332957
-98.1301476834497
-99.7595494803125
-101.337462699763
-102.864971612223
-104.343178842314
-105.77319297454
-107.156146539285
-108.493234513409
-109.785763492694
-111.035202420063
-112.243226973375
-113.411751249608
-114.542942084964
-115.639213109215
-116.703197351459
-117.737698802825
-118.745624708196
-119.729901413416
-120.693377259578
-121.638716246884
-122.568285997015
-123.484043005854
-124.387417453398
-125.279199136982
-126.159425646278
-127.027273894523
-127.8809566566
-128.717626808055
-129.533293345347
-130.322754738305
-131.079556434774
-131.795980163745
-132.463072926027
-133.070723198683
-133.607790986222
-134.062297039961
-134.421674901152
-134.673087321662
-134.803805772373
-134.801647628659
-134.655459603029
-134.355627716204
-133.894583960684
-133.267269430717
-132.471505963671
-131.508226816068
-130.381524504393
-129.098491444961
-127.668854086916
-126.10442867771
-124.418450240503
-122.624840431432
-120.737482221368
-118.769560806088
-116.733014403186
-114.6381202159
-112.493223754696
-110.30460626055
-108.076475880343
-105.811063071998
-103.508798539664
-101.168551887216
-98.7879104172764
-96.3634796061261
-93.8911894150916
-91.3665934922911
-88.7851512454435
-86.1424855282206
-83.4346111232132
-80.6581312214336
-77.8104006461293
-74.8896556565603
-71.8951108517431
-68.8270240706196
-65.6867303777094
-62.4766463698228
-59.2002462705338
-55.8620116934927
-52.467357594716
-49.0225377626938
-45.5345340944428
-42.0109346821337
-38.4598061517254
-34.8895655261235
-31.3088559879616
-27.7264293054948
-24.1510355770665
-20.5913187529093
-17.0557146108799
-13.5523469274331
-10.0889176725359
-6.67258797428528
-3.3098478434924
-0.00637368033232821
3.23312677735149
6.40508168709536
9.50723227534628
12.5388135831447
15.5007256931695
18.3956741547994
21.2282512526035
24.0049270276332
26.7339229978812
29.4249527278383
32.0888296707413
34.7369601251646
37.3807534185785
40.0309894502259
42.6971845180114
45.3869910795065
48.1056582958468
50.8555707423092
53.6358748376746
56.4421976119275
59.2664605997602
62.0967923022423
64.9175447262807
67.7094217842138
70.4497287205998
73.1127514036496
75.6702717896849
78.0922210063861
80.3474644803983
82.4047047659626
84.2334777629701
85.8052074575922
87.0942738314463
88.0790389442645
88.742768505186
89.0743822183233
89.0689683130354
88.7280090122784
88.0592869686607
87.0764785798905
85.7984851861062
84.248598654681
82.4536302310711
80.4431359700738
78.24883848063
75.9042744388229
73.4446072596051
70.9064650017145
68.3276288495549
65.7464283466866
63.200790647277
60.7270102533423
58.358408907379
56.124107832996
54.0481252037986
52.1489524707284
50.4396776774188
48.9286350640027
47.6204835498025
46.5175602071781
45.6213228537343
44.9336914110608
44.4581221130811
44.2002993019044
44.1683976093338
44.3729386749311
44.8263257929364
45.5421755456106
46.5345736427314
47.817366685097
49.4035712389491
51.3049463791005
53.5317436549864
56.0926238005103
58.9947138009372
62.243770328632
65.8444141935147
69.8004032401375
74.1149162310005
78.7908262856548
